Matrix A: (6, 9)
[[0 1 1 2 3 1 0 1 0]
 [1 2 3 2 3 3 1 3 3]
 [2 3 1 2 2 0 1 3 3]
 [2 0 3 0 1 1 2 0 0]
 [3 3 2 3 2 3 1 1 0]
 [1 0 3 3 0 1 1 1 1]]
Matrix B: (9, 8)
[[0 1 1 3 1 1 3 3]
 [1 3 3 1 2 1 1 3]
 [0 0 0 2 3 1 1 2]
 [1 0 1 3 0 0 1 1]
 [2 1 2 1 2 3 3 3]
 [0 1 1 3 0 2 3 0]
 [2 0 3 1 3 3 0 1]
 [0 0 1 2 2 1 1 2]
 [1 0 0 0 3 2 0 3]]
Matrix Multiplication: A x B
Results: (6, 8)
[[ 9  7 13 17 13 14 17 18]
 [15 13 24 36 38 33 31 42]
 [14 13 23 26 33 24 21 41]
 [ 6  4 11 18 19 16 15 17]
 [12 17 26 39 24 24 33 34]
 [ 6  2  9 24 18 12 13 18]]
